37: 5 7 1 2 6 8 3 4 9 0
34: 2 0 6 4 1 8 3 5 9 7
20: 7 5 8 6 9 0 4 1 3 2
22: 3 1 7 2 5 6 9 8 0 4
21: 4 8 7 0 5 1 3 6 2 9
14: 2 8 9 3 0 7 4 6 1 5
23: 7 5 2 1 6 8 3 9 4 0
29: 7 8 2 4 0 5 6 3 9 1
13: 7 0 2 6 8 9 3 4 1 5
30: 9 6 8 4 2 7 0 1 3 5
33: 1 4 0 8 2 6 3 9 5 7
38: 5 7 1 2 6 8 3 4 9 0
36: 8 1 2 4 3 7 0 9 6 5
32: 6 5 4 8 7 1 3 9 2 0
12: 7 2 3 5 8 4 1 0 9 6
16: 6 9 3 8 7 4 1 2 0 5
7: 2 5 0 4 8 6 9 3 1 7
18: 0 5 1 6 2 9 7 8 3 4
27: 1 3 8 7 6 5 9 2 4 0
31: 8 6 7 0 2 5 4 1 9 3
19: 9 1 5 6 2 8 0 4 7 3
28: 0 5 9 3 7 1 4 8 6 2
26: 7 9 4 8 2 1 6 5 0 3
24: 2 7 8 5 0 6 3 9 1 4
35: 8 1 2 4 9 7 3 5 6 0
